0 4.29605 5.73823
1 4.29605 5.89398
2 4.29605 5.74371
3 3.53472 5.4526
4 3.53472 5.66433
5 3.53472 5.37808
6 3.53472 5.54557
7 3.53472 5.64252
8 3.53472 5.63792
9 3.53472 5.39181
10 3.53472 5.21428
11 3.53472 5.16621
12 3.53472 5.49741
13 3.51284 5.64819
14 3.51284 5.54251
15 3.51284 6.02423
16 3.51284 5.8039
17 3.51284 5.50071
18 3.49912 5.60192
19 3.49912 5.46382
20 3.49912 5.64234
21 3.49912 5.77055
22 3.49912 5.78891
23 3.49912 5.81804
24 3.49912 5.93243
25 3.49912 5.70595
26 3.49912 5.50989
27 3.49912 5.29553
28 3.49912 5.51666
29 3.49912 5.42599
30 3.49912 5.47188
31 3.49912 5.32272
32 3.49912 5.14539
33 3.49912 4.84703
34 3.49912 4.69666
35 3.49912 4.93296
36 3.49912 4.99902
37 3.49912 4.99422
38 3.49912 5.07938
39 3.49912 4.906
40 3.49912 5.0529
41 3.49912 5.1038
42 3.49912 5.09798
43 3.49912 5.22773
44 3.49912 5.13567
45 2.59937 5.28408
46 2.59937 4.97709
47 2.59937 5.05492
48 2.59937 5.13383
49 2.59937 5.18137
50 2.59937 5.05682
51 2.59937 4.63598
52 2.59937 4.97222
53 2.59937 5.31867
54 2.59937 5.53825
55 2.59937 5.34248
56 2.59937 4.85222
57 2.59937 4.82974
58 2.59937 5.06422
59 2.59937 5.17966
60 2.59937 5.25174
61 2.59937 5.43112
62 2.59937 4.97213
63 2.59937 5.04409
64 2.59937 4.8871
65 2.59937 4.70694
66 2.59937 4.62598
67 2.59937 4.8202
68 2.59937 4.91487
69 2.59937 4.83645
70 2.59937 4.86088
71 2.59937 4.98581
72 2.59937 4.89988
73 2.59937 4.84223
74 2.59937 4.62534
75 2.59937 4.66551
76 2.59937 4.56759
77 2.59937 4.69885
78 2.59937 4.6109
79 2.59937 4.79069
80 2.59937 4.29872
81 2.59937 4.10298
82 2.59937 3.87936
83 2.59937 3.90399
84 2.59937 4.12235
85 2.59937 4.30852
86 2.59937 4.2971
87 2.59937 4.2499
88 2.59937 4.23486
89 2.59937 4.25363
90 2.59937 4.36025
91 2.59937 4.57569
92 2.59937 4.47124
93 2.59937 4.44641
94 2.59937 4.26144
95 2.59937 4.38749
96 2.59937 4.46947
97 2.59937 4.30908
98 2.59937 4.18283
99 2.59937 4.28061
